YEAR;WEEK;BRATWURST;CERVELAS;CHARCUTERIE;DAUERFLEISCHWAREN;GEFLUEGEL;GERAEUCHERTES_ZUM_KOCHEN;HACKFLEISCH;INNEREIEN_DIVERSES;KALB;KANINCHEN;LAMM;MARINADEN;PASTETEN_TERRINEN_STREICHWURST;PFANNENFERTIGES;PFERD;RIND;SALAMI_ROHWURST_AM_STUECK;SCHINKEN;SCHWEIN;UEBRIGE_BRUEHWURST_STUECK;WIENERLI_KNACKERLI_FRANKFURTERLI
2015;22;57124;41876;92327;102360;77169;28509;18486;1808;5200;688;7535;3108;11682;25661;2427;28039;21738;48984;46785;8448;19928
2015;23;72107;64329;98496;113967;90767;28299;19605;2029;9001;369;8654;3990;12506;29009;3210;21241;24317;50597;59189;10019;19790
2015;24;56969;45117;101687;111525;90082;33498;31692;2023;5641;189;6456;3040;12263;21389;2776;27261;25381;51807;46069;8552;17994
2015;25;49850;41241;102218;107127;81064;33566;23721;2187;5566;261;5691;2616;12388;28737;2418;23890;22913;53321;54975;8493;22483
2015;26;66651;57578;95516;109460;85726;30020;19876;1982;4971;173;16152;3224;12250;25363;2870;26551;22164;51120;50907;8856;19530
2015;27;70443;72587;101150;115530;93701;29786;25885;1840;7744;613;9100;4015;12681;29496;3267;29603;32359;52237;47636;10370;19163
2015;28;59207;56682;94655;113579;82690;29392;20853;1741;4420;354;8338;3636;12704;39205;2878;25690;30044;50081;49024;8713;17310
2015;29;64485;50997;97353;112654;85044;33453;19381;1758;5643;191;12153;3390;12624;25906;3624;19574;26287;49532;55780;8026;20919
2015;30;57154;50844;95836;112372;83793;36478;29080;1688;4985;120;9467;3090;13420;22850;2813;30082;28043;49882;50050;8081;20471
2015;31;57541;47799;86791;104080;78216;37734;21573;1725;5238;206;8486;4054;14019;33318;2599;24327;26428;49748;52718;7105;18144
2015;32;65491;54091;103152;127584;88270;36670;21983;1838;5279;193;8009;3530;14001;28349;2796;32773;30778;55246;46013;8727;18996
2015;33;54316;41160;102189;121685;83163;39884;35881;2097;7200;241;14284;2286;13740;21475;2243;24200;29291;57118;41046;8521;20919
2015;34;47963;42444;94098;116389;80407;51052;24213;1987;6390;177;7564;2003;12000;30171;2233;22994;26289;53011;39882;8131;23572
2015;35;44696;43619;98777;114742;77597;50347;23108;2487;6252;217;5730;2369;12822;28886;2013;25388;27324;55603;46014;8680;20961
2015;36;31076;28861;97790;105924;70863;52733;31791;2935;6510;959;4392;1444;12697;27884;1676;18775;28867;53486;40854;7801;21761
2015;37;37655;32838;96368;107861;69417;59286;25531;2791;5778;438;9800;1357;12714;37716;1661;16798;26054;52766;41301;8086;21641
2015;38;29287;26598;98522;113679;70076;57362;24266;3046;6901;708;5396;1148;12445;27565;1582;20552;35396;50547;32836;7649;25483
2015;39;28190;28544;90696;103548;73749;59144;29771;3051;7555;454;4869;1221;12425;20819;1594;19808;29022;52642;34752;7589;22950
2015;40;33076;27178;87310;111796;70440;60742;27825;3171;5400;305;4529;1118;12503;25653;1632;25580;24606;53782;30909;7615;29278
2015;41;31095;29066;88855;107966;74750;68076;24611;3080;9860;291;3892;1058;12228;25988;1561;17395;28146;52640;37631;7543;29160
2015;42;27913;23357;92713;103080;69253;72446;34729;3148;6185;331;12267;1001;12014;23034;1581;16585;24365;51519;32784;7604;27631
2015;43;32255;25995;100009;101892;70524;64702;24958;3207;6636;723;4315;1036;12300;28813;1582;20220;26078;52222;32515;7924;25025
2015;44;28983;24124;96366;102562;73989;73106;25295;3263;6990;1105;5812;1158;13383;26252;1564;23184;27894;53267;29995;7663;26653
2015;45;32571;24626;96040;100785;68608;67609;34438;3149;5915;1204;4735;1088;12765;20707;1544;22342;24082;52748;31743;7544;22407
2015;46;27328;23181;91899;99325;76878;68354;26096;3273;7155;568;12280;1096;12806;21826;1560;17279;21044;52732;32761;7603;25254
2015;47;25042;24660;89499;101192;71167;65834;34473;3342;5513;723;4926;1037;12674;25933;1634;20525;20643;52183;32804;7768;23124
2015;48;26932;21603;89268;99468;67558;72304;24758;3327;7735;471;4002;1205;13913;22748;1586;21336;29078;52448;42236;8123;26598
2015;49;31506;22048;88268;99354;69056;69243;23785;3412;7937;366;13046;1227;14871;27381;1609;26863;27046;51768;35504;8302;24177
2015;50;27615;21217;89225;95128;69272;63290;34922;3348;6219;336;4755;1273;15648;27975;1664;22205;27920;53507;49587;8309;25718
2015;51;33197;22663;91788;103407;80069;74236;24661;3622;6275;388;22758;1630;20689;27804;1694;26817;32301;54200;35343;8746;24340
2015;52;31457;19376;86707;113407;66507;73857;23675;3224;11883;499;6116;2396;25674;38624;2238;29134;31191;51546;36090;7565;22182
2015;53;35410;21143;88122;105285;80563;70124;27228;2867;8929;454;13895;1984;23075;36113;2490;29787;25179;57087;39637;7294;27577
2016;01;28400;25099;98174;99569;80877;65572;41007;3529;6623;264;6094;1232;14377;25760;1835;31309;22813;55778;36461;7970;27117
2016;02;28816;21969;95776;98951;74254;70357;27307;3625;8349;1038;3932;1053;12798;31789;1772;26047;22422;52521;33478;7609;30324
2016;03;26903;22426;94003;98984;76125;74814;37275;3603;6352;527;5067;1192;13000;24976;1778;21623;26408;52329;37215;7566;27535
2016;04;30795;26331;90954;101684;80077;59990;26970;3329;12068;339;6055;1156;12918;22200;1739;16542;23353;55212;46591;7557;27316
2016;05;34299;22796;93848;108000;78805;57512;38170;3496;7551;364;5110;1308;12612;24944;1725;27424;24886;54481;35206;8423;31144
2016;06;27936;24237;95997;108696;80536;65696;28228;3750;7942;323;4396;1324;12580;27887;1754;29961;24873;57338;35120;7947;26160
2016;07;27206;22787;95215;110664;83642;68271;28426;3591;8634;354;14173;1295;12645;29007;1715;22627;29922;61423;36835;8141;28695
2016;08;36498;23711;95571;110580;87103;59412;40282;3572;12268;1340;5153;1297;13321;25485;1937;17214;26559;57510;39066;8085;25320
2016;09;27069;22344;96246;106030;86247;57728;27318;3576;7693;518;4474;1299;13124;30806;1795;20130;27352;55208;41201;10562;27262
2016;10;35124;22863;93018;106597;79309;53614;25128;3460;8774;645;19380;2008;13228;28007;1661;19654;24883;58506;34366;9040;22088
2016;11;35168;29391;95883;104063;75901;49467;35432;3202;5870;316;18774;2010;15042;24556;1719;23004;27165;55704;29293;8461;20919
2016;12;42118;28732;107672;124561;85640;52893;27254;3134;11789;674;12903;2906;21249;29296;1906;27748;29537;62689;43298;8239;20860
2016;13;44439;32919;89035;92392;77830;39880;27703;2608;5886;289;6577;2008;12557;21996;2586;21780;20037;49306;45122;7299;22529
2016;14;39053;38744;92941;105550;81392;46380;26178;2272;7025;293;15841;2177;13641;36153;1906;16898;21212;55581;36168;7491;19500
2016;15;44945;38976;90960;103009;81465;39244;35242;2316;6324;290;6075;2295;12749;25125;2208;23342;20932;57606;42336;7554;21149
2016;16;45575;38278;91829;107393;84006;36585;24290;2318;6712;237;12189;2557;12518;25137;2161;22913;22496;55173;47618;7903;19407
2016;17;43297;36494;96177;112044;81148;36133;24058;2435;7802;276;6164;2325;12432;28682;2022;26053;20579;58080;47897;7882;18717
2016;18;72871;49915;86371;107128;83734;31547;30645;2010;10210;576;8760;4007;12847;27500;3511;21491;21079;52263;54624;8839;15949
2016;19;48125;39472;99088;122440;89516;37965;29052;2411;9654;583;23561;3355;14090;30737;2331;28781;28664;61946;50992;8280;19572
2016;20;50808;42403;83469;98562;78283;27681;26464;1831;6626;172;7636;3063;10788;24059;2484;21990;21303;47779;53218;7758;18583
2016;21;53163;47645;99918;109523;92672;31533;25151;2256;9938;258;7808;3023;12397;23483;2566;25073;25104;53349;46518;9619;18915
2016;22;43720;38516;93603;108049;80077;36541;24481;2306;7065;704;8202;2200;11923;25323;2187;23464;22570;52987;45171;8304;18029
2016;23;61178;41184;93220;112277;95950;33351;32531;2244;6135;357;7138;2622;12002;24440;2466;20796;22934;55651;46594;11573;17429
2016;24;53828;42317;91391;106397;82776;34416;24956;2246;6614;222;22396;2253;12439;27702;2028;22933;22245;51740;37615;8335;23215
2016;25;62024;53813;95793;113049;86271;30042;29154;2017;5323;211;10615;3845;11697;25885;2694;30336;21988;49242;53583;9501;19278
2016;26;63276;62524;98431;111202;87726;31564;23728;2084;8860;191;6812;3416;12284;25560;2766;25757;23250;50584;49961;9015;17049
2016;27;71012;61034;93078;109960;90720;28545;19819;1877;4541;220;7910;3724;11953;29121;3607;24320;25137;49940;60372;9202;16655
2016;28;52246;45593;90470;109375;85470;32842;27781;2058;5323;342;6742;2942;12053;24551;2778;22365;26461;48304;51196;7945;16871
2016;29;57363;53650;91608;113340;86432;35797;23495;1875;5410;187;6812;3284;12961;26992;2684;26253;25833;48879;49257;8059;16565
2016;30;78969;64120;94621;124781;90908;38201;23145;1946;5914;169;26286;4239;15151;33552;3081;29101;28346;52765;56085;8673;17650
2016;31;53242;46989;82149;107381;75935;35408;28279;1664;6265;154;6395;2809;10815;20687;2439;28375;28240;46139;43787;7020;15457
2016;32;56400;48898;102554;119351;91481;41559;24983;2070;6165;679;9146;2874;12253;29122;2602;30511;29865;53192;39578;8422;21556
2016;33;42682;44166;101684;111916;87001;47018;37238;2070;5911;491;6877;2180;12272;24250;2470;20882;28505;51535;43538;8726;19162
2016;34;58880;52366;96346;112696;86397;39504;22064;1967;8084;222;7524;2850;11896;25244;2792;24107;32026;52048;47988;9441;18369
2016;35;41231;38269;93082;108303;74194;47165;32365;2689;6022;245;5316;2022;11923;23025;1749;19374;27700;50794;46342;8570;18979
2016;36;45919;35947;93151;103792;74821;45159;24353;2921;5397;252;5264;1856;11189;32720;1804;18854;26529;49981;36863;8406;19758
2016;37;32422;30244;90428;101205;78481;59500;25135;3185;5258;292;4653;1448;11716;29573;1475;24350;29890;49418;40121;8975;24116
2016;38;32516;27946;91936;101799;72893;52005;31582;3102;6662;860;5169;1220;11490;22714;1496;21605;24090;49469;32711;7930;22494
2016;39;34402;29666;95276;101531;69947;59301;25815;2732;6723;938;5058;1216;12158;26037;1505;19214;27471;47669;33557;7924;21554
2016;40;29470;25364;87204;103307;65781;67741;24272;3228;7153;467;13108;1097;11669;25182;1269;16318;25998;47940;35625;7670;26220
2016;41;29142;26062;86771;97133;66633;75546;35961;3316;7803;345;5624;1035;11347;27067;1422;20519;30300;48031;30861;7320;23594
2013;41;29490;23677;83111;97588;58139;75938;29004;3165;7014;317;5774;851;13482;21200;2079;18528;23983;52307;36976;6496;25472
2013;42;29856;25594;92361;98608;60979;63423;25067;3089;6450;342;4612;921;13191;19305;1858;21289;25365;52672;37663;6713;31329
2013;43;25645;25512;94899;105423;68411;77044;39708;3215;6548;304;10829;965;13666;21601;1857;18411;24478;53518;29093;7097;26976
2013;44;26119;24514;101500;103783;68549;89464;25895;3307;9839;306;5599;948;13969;23995;1881;16980;26895;52679;33674;6955;26576
2013;45;26347;23596;90022;95624;65061;77957;25047;3339;9679;314;6433;969;13700;30137;1783;19026;24945;54219;30496;6944;28780
2013;46;34299;22854;92970;98579;63861;71167;30799;3454;7470;1059;4272;879;13498;20889;1772;20141;22816;50811;36231;6880;28032
2013;47;26818;27327;92878;97994;70413;68045;24749;3276;7471;381;3978;940;13175;19460;1992;21442;24221;52774;40560;6938;27990
2013;48;26803;23921;92396;97659;67861;75233;24094;3450;12264;325;11381;976;15293;23993;2073;17374;29969;51251;29111;6931;26781
2013;49;26281;22943;90229;101320;74290;73807;24063;3507;9648;1384;6058;989;15864;20059;2048;26143;33654;53424;28107;7178;27599
2013;50;27544;23274;92191;101258;65433;85951;40171;3580;7547;523;20147;1138;17919;22093;2186;20102;29761;51248;37044;7112;26952
2013;51;39139;23561;95467;114920;70533;80396;24799;3747;10476;1097;5309;1773;27051;27025;2757;31523;34950;57348;39268;7692;29568
2013;52;32411;18783;79737;104418;67166;72134;24068;3010;11276;625;8096;1793;26345;33766;2743;26457;28437;52648;49382;6327;27938
2014;01;32383;21166;94283;104697;77683;70996;27022;3156;10414;367;9174;1545;23320;27468;2522;26697;25239;58517;35494;6809;34224
2014;02;25391;27207;93224;94834;71960;72746;40191;3526;7252;373;5168;904;15051;29904;2160;18562;24793;54717;35059;7293;31015
2014;03;34450;23706;103289;96727;69661;61432;25564;3520;8304;365;4200;828;13937;31120;2345;20280;28255;52817;33120;6739;26795
2014;04;30647;22573;95718;100462;72496;71213;24644;3398;8197;320;4346;965;13831;26611;2217;21536;25804;54719;36518;7044;28371
2014;05;28257;29500;94319;102416;72056;66640;38792;3317;8707;326;11696;1155;14026;24368;2254;20049;24474;53383;32718;6986;27933
2014;06;32819;24259;96610;107742;85733;70615;34172;3482;9788;317;5365;1208;14203;22019;2203;23361;24142;55497;39316;7146;28484
2014;07;28636;24012;99326;106481;80276;71227;28160;3298;8940;1074;7960;1246;14459;27442;2341;22904;24778;54008;37732;7153;32435
2014;08;31665;23573;97389;100150;76126;66143;40208;3270;8472;412;5529;1131;13982;22341;1969;18263;30551;56486;37443;7032;31169
2014;09;30243;27560;99189;110701;74143;66316;28625;3310;9077;789;4975;1237;14440;36094;2185;21243;32656;55096;33032;7385;29819
2014;10;30408;26909;104225;109584;76597;59905;32208;3263;9390;1307;5578;1387;14027;23012;2388;18084;29058;54049;42896;7438;27046
2014;11;34174;30567;98143;104895;84254;55297;38681;3114;7293;488;7749;2308;14479;22819;2349;17675;27130;59890;43958;7693;28776
2014;12;34379;33031;94925;104188;79406;55221;26250;3013;7798;271;5714;2075;14621;27044;2560;19336;26093;62613;37996;7842;27192
2014;13;41277;31773;100398;101767;76082;47636;22888;3015;6910;938;6069;2595;14093;31001;2108;18753;24453;56488;42846;7420;23617
2014;14;44821;34739;95775;110443;79457;39721;36230;2536;7364;601;27007;2994;13791;21943;2303;18286;22876;52879;39961;7458;20464
2014;15;47885;47027;96066;107011;79389;35047;22165;2515;10842;366;14250;3389;14973;21447;2775;26785;26084;52879;52174;7546;19277
2014;16;52443;38612;100376;119610;83708;42895;23257;2354;8727;639;20651;3735;21358;18049;1800;30981;28749;61213;42788;7838;20016
2014;17;48351;35475;91029;90324;79900;29695;20544;2099;8049;337;10048;2481;13876;17958;1582;28746;20851;48764;42297;6874;17578
2014;18;48149;35901;96990;107743;83168;36951;25239;2589;6750;356;7840;2189;13649;20127;2223;20214;22520;55525;45404;7476;20378
2014;19;45403;38917;97278;106416;83363;33496;22136;2408;5718;340;8740;2593;13309;29702;2178;23399;28179;53619;50468;7683;18792
2014;20;45860;35504;94544;104427;79944;34024;27517;2495;6971;311;5692;2407;12491;22840;2333;19069;23016;52804;50882;7723;19777
2014;21;63181;49561;94957;104768;85600;32624;20972;2357;6069;746;7465;3194;12308;20725;2551;28130;21196;52454;44688;8824;18030
2014;22;50976;44844;94894;97882;86273;33633;25837;2217;6461;760;11607;3205;12275;22296;3546;19719;24432;52368;48639;7682;17389
2014;23;81129;61751;103754;118140;104343;34300;22772;2515;8719;257;10537;6368;14508;31722;3962;28302;26269;57247;67162;10313;20012
2014;24;56864;53874;91075;98247;86633;26025;17435;1787;5061;214;8592;3753;11735;18458;3358;26530;21672;48936;46930;8865;19726
2014;25;64154;53682;98541;106737;90291;29532;19656;2109;5557;341;10399;3686;12905;32855;3439;17869;25167;50932;58930;9142;21952
2014;26;50136;48773;102394;107536;87469;32123;34129;2263;6142;279;10074;3352;12693;19540;2956;19768;29481;52110;53064;8687;21618
2014;27;52241;51124;103242;107943;84607;34232;23065;2361;6167;822;7529;3540;13381;22692;2813;25048;26514;53523;52277;8930;21627
2014;28;42490;36997;97276;100332;82920;38831;23143;2510;7758;430;10260;2559;12637;26413;2841;25199;28641;49931;42543;7383;19521
2014;29;59806;58233;94193;106148;88379;35219;18938;2063;6441;187;13074;3444;11953;27958;2823;19231;26816;50796;54172;8359;17534
2014;30;46202;42695;91350;107617;87431;45979;24208;2388;7244;246;8555;2844;12787;21614;2234;23989;28448;51039;45253;7465;18525
2014;31;63172;45931;85857;104793;86648;43033;23046;2052;6890;304;11067;4483;13821;22368;2551;20863;28491;50614;55294;7019;17630
2014;32;50233;45886;103184;112887;86535;41757;24976;2414;7406;285;8493;3323;13495;24676;3199;20869;27892;56794;57647;8457;19676
2014;33;40031;35804;101580;112134;84155;50294;37717;2542;7143;295;6558;2303;13535;23647;2271;22748;33572;52484;51079;8045;28850
2014;34;40773;40820;100143;109867;86885;48353;26279;2600;6985;343;8272;2092;12436;24748;2068;21572;32017;50980;43126;8144;21979
2014;35;37786;32847;99594;101827;77421;58679;37272;2960;9268;424;6440;1842;12265;20730;1896;21757;29179;51834;38554;7939;21362
2014;36;36046;30735;105595;103094;75655;55700;24026;2992;7418;1523;5265;1595;12867;29128;2050;22969;26054;54181;39584;7682;26094
2014;37;36635;29405;97597;99835;72948;50403;35080;2995;6150;846;4995;1447;12279;25068;1958;17293;25571;51132;39356;7819;22505
2014;38;33398;30832;98212;98762;69700;58868;24907;2983;6057;709;11931;1376;12067;21534;1549;16318;27592;50138;33607;7637;23326
2014;39;32944;32638;92829;101033;69519;59138;22423;3069;10573;474;7036;1345;12120;20062;1814;20567;24736;50391;36078;7938;23824
2014;40;28770;29028;89305;103349;68435;58219;33936;3062;9738;399;5927;1259;12137;24103;1886;22117;27281;50643;33007;7246;28221
2014;41;34679;27805;89924;102855;65880;75981;25836;3151;8342;385;5530;1203;12673;20671;1920;15528;25670;51096;45944;7641;26543
2014;42;31762;27675;91636;100654;71261;70754;22618;3095;8652;1158;10902;1140;12218;25692;1856;15896;27073;53686;38801;8021;26036
2014;43;33855;25554;97767;103312;72274;76200;34957;3278;8254;584;6682;1147;13084;20510;2047;20225;24989;53130;32392;8135;31272
2014;44;34046;29596;97078;100718;69198;73114;24153;3235;7396;321;4278;1093;14564;27421;2469;20344;25218;52663;39185;8000;25184
2014;45;26914;24343;95292;101972;72224;77732;24148;3470;6729;419;8847;1099;13415;21377;2037;18284;23552;52966;36603;7966;32825
2014;46;27385;22659;97931;91359;68469;75439;33934;3486;8629;401;4290;1034;12673;25764;2044;20914;22318;52188;29859;7627;25734
2014;47;26448;26262;103600;96679;77756;71241;24565;3317;7701;433;3860;984;13125;27751;2260;17413;22727;50338;37285;8989;25092
2014;48;31224;23969;95777;93709;66619;69710;22349;3306;13855;1180;3766;1021;13925;24940;2007;21015;28591;51785;28694;8318;24346
2014;49;30203;22671;95202;97085;67315;71626;23423;3472;8296;878;9872;1185;15145;26689;2017;22989;28291;52125;34613;8045;30657
2014;50;32453;22232;92790;94956;66188;77212;32890;3341;7710;1457;4891;1204;15789;23134;2126;22639;28205;51757;34836;8173;25440
2014;51;31969;27347;97259;106740;64093;78318;24436;3330;7546;738;21214;1712;22803;30020;2169;22166;33903;54340;31090;8333;26320
2014;52;31425;20048;88559;114827;69062;74826;23750;3086;11793;516;7250;2108;25568;39956;2897;27111;30813;52113;34160;7373;24013
2015;01;33505;22874;95555;108071;78695;73189;26497;2898;11306;525;11259;1798;22829;35859;2599;28826;28256;60397;49995;8088;33751
2015;02;27837;26299;100802;95796;71736;71117;36993;3541;8014;406;4961;1044;15329;26224;2029;20215;29823;53293;30599;8262;28793
2015;03;31985;22101;91973;99672;65772;63933;25885;3426;6667;381;3970;984;13332;30392;1849;22373;24501;53264;31821;7607;26790
2015;04;28798;21689;92508;100691;69736;61297;36691;3602;7148;400;10741;1049;12381;22513;2289;17580;28793;54866;30626;7999;32346
2015;05;32946;22749;98399;104849;75232;63725;27500;3762;9079;435;5639;1180;13024;22586;2377;22099;27730;54126;35879;8392;29277
2015;06;27312;25825;93993;105482;76040;68577;25476;3644;6985;394;4422;1218;12961;30808;2254;20467;24714;55627;37477;7708;27924
2015;07;32160;24340;97982;108086;76163;67818;36400;3571;13828;401;11892;1297;13382;23423;2323;17814;26027;56339;32324;7880;27485
2015;08;28790;24164;101579;111916;78713;64751;27931;3427;7509;398;5730;1231;13147;25223;2325;21745;26644;56103;37796;7886;33084
2015;09;26436;25754;104832;109652;74036;65659;25774;3468;8393;398;4519;1175;13306;28847;2381;19981;25897;54237;38361;7996;26821
2015;10;38360;26523;104364;105464;72454;59808;24063;3334;7726;357;13035;2022;13260;27606;2261;18807;24323;58359;36702;7948;31380
2015;11;32907;28217;100296;103002;70721;55195;32321;3221;5986;327;5759;2026;12830;25842;2310;22874;22245;53443;34473;7846;23088
2015;12;33562;26538;97122;106276;73201;52933;24007;3094;7346;368;28544;2188;12746;33188;2165;22179;21578;56516;37430;7756;27631
2015;13;38382;26646;96030;103455;72711;46922;22342;3145;6701;380;13972;2104;15941;28231;2112;21316;24611;53120;32889;7764;21719
2015;14;35052;29546;106786;119813;77789;52806;24992;2968;14251;657;16175;2527;21912;27856;2282;27048;26774;61187;37211;7773;21942
2015;15;41889;34029;84597;83932;69903;37467;27094;2269;5513;325;9833;2186;12619;19546;2602;22328;18636;46876;36886;7167;21476
2015;16;51261;40339;100788;99105;80234;37136;23685;2099;8287;229;6275;2769;14380;27387;2209;28516;26322;52835;35573;8031;21648
2015;17;50287;48116;93990;106415;83928;34413;30530;2069;5878;210;5678;3193;12777;22757;3283;31033;21893;54684;46161;8115;21868
2015;18;44560;34388;97917;105887;78214;35996;23356;2168;6272;253;10288;2471;12503;20456;2294;26525;20737;54714;45592;7670;20018
2015;19;56618;38932;99817;114093;76119;33784;21814;2133;10389;878;6504;2781;13239;26958;2459;21389;25090;52482;54391;7877;18624
2015;20;58564;48528;90061;104937;82984;31085;29205;1952;5871;440;6939;3475;12520;23782;3014;26310;22667;50281;49245;8067;16996
2015;21;67638;40658;102195;117440;92404;37713;26110;2404;8324;279;16917;4004;15412;22169;2699;22091;25365;58322;56125;8386;23689
